27 2567
2566
2566 14,148.2
2565 1,010.6 8
9
2566 44.9 2565
742.4 697.5 94
1. 1,010.6
13 17
2. 11,822.3 1,268.5
31 2566 18,568.1 2565
20,127.9 1,559.8
1. 720.5
2. 232.6
3. 221.0
4. 7.6
5. 348.1 349.6
73.4
6.
7. 630.7
8.
9.
10.
-2-
31 2566 11,233.6 2565
12658.9 1,425.3
1. 384.2
2 147.1
3 148.2
4.
5.
6. 59.6
7. 31.4
8.
31 2566 7,334.5
2565 7469.0 134.5
2565 2566
31 2566 1.53:1 2565
1.69:1 0
31 2566
1,600.0 ,
1,849.9 720.5
2565 594.3
1) 1,600.0 266.0
632.1 ,
791.7 , 411.3 ,
4.0 17.6
2) 470.5 283.9
-3-
3) 1,849.9 612.1
1,002.4 ,
33.0 , ,
91.5
( )
